[gd_scene load_steps=10 format=3 uid="uid://ci7b0gs0h7s0f"]

[ext_resource type="Script" path="res://LaserShark.gd" id="1_f13ln"]
[ext_resource type="PackedScene" uid="uid://jkaai1iigpt1" path="res://LaserShark.gltf" id="1_lgioi"]
[ext_resource type="Script" path="res://SpringArm3D.gd" id="3_qqu3t"]
[ext_resource type="Script" path="res://addons/phantom_camera/scripts/phantom_camera_host/phantom_camera_host.gd" id="4_yldkg"]
[ext_resource type="Script" path="res://PlayerController.gd" id="5_lsy7m"]
[ext_resource type="Script" path="res://addons/phantom_camera/scripts/phantom_camera/phantom_camera_3D.gd" id="6_apoac"]

[sub_resource type="CapsuleShape3D" id="CapsuleShape3D_ryshs"]

[sub_resource type="BoxShape3D" id="BoxShape3D_6uotp"]

[sub_resource type="BoxMesh" id="BoxMesh_1n8ih"]
size = Vector3(50, 1, 50)

[node name="Root" type="Node3D"]
transform = Transform3D(1, 0, 0, 0, 1, 0, 0, 0, 1, 0, 0.382835, 0)

[node name="CharacterBody3D" type="CharacterBody3D" parent="."]
transform = Transform3D(1, 0, 0, 0, 1, 0, 0, 0, 1, 0, 0, -0.0118828)
script = ExtResource("1_f13ln")

[node name="CollisionShape3D" type="CollisionShape3D" parent="CharacterBody3D"]
transform = Transform3D(1, 0, 0, 0, -4.37114e-08, -1, 0, 1, -4.37114e-08, 0, 0, -0.351029)
shape = SubResource("CapsuleShape3D_ryshs")

[node name="Shark" parent="CharacterBody3D" instance=ExtResource("1_lgioi")]
transform = Transform3D(-4.37114e-08, 0, 1, 0, 1, 0, -1, 0, -4.37114e-08, -0.0945831, 0, 0.219406)
script = ExtResource("5_lsy7m")

[node name="SpringArm3D" type="SpringArm3D" parent="CharacterBody3D/Shark"]
transform = Transform3D(-4.37114e-08, 0, -1, 0, 1, 0, 1, 0, -4.37114e-08, -0.44, 0.57, 0.095)
script = ExtResource("3_qqu3t")

[node name="Camera3D" type="Camera3D" parent="."]
transform = Transform3D(0.998464, -0.0152516, 0.0532624, 0, 0.961359, 0.275284, -0.0554033, -0.274861, 0.959882, 0.186951, 0.966247, 3.00627)
keep_aspect = 0
fov = 74.9666

[node name="PhantomCameraHost" type="Node" parent="Camera3D"]
script = ExtResource("4_yldkg")

[node name="PhantomCamera3D" type="Node3D" parent="."]
transform = Transform3D(0.998464, -0.0152516, 0.0532624, 0, 0.961359, 0.275284, -0.0554033, -0.274861, 0.959882, 0.186951, 0.966247, 3.00627)
script = ExtResource("6_apoac")
priority_override = false
priority = 345
follow_mode = 6
follow_target = NodePath("../CharacterBody3D/CollisionShape3D")
follow_parameters/spring_arm/spring_length = 3.51
follow_parameters/spring_arm/collision_mask = 1
follow_parameters/spring_arm/shape = null
follow_parameters/spring_arm/margin = 0.01
follow_parameters/target_offset = Vector3(0, 0, 0)
follow_parameters/damping = false
look_at_mode = 0
tween_parameters = null
tween_on_load = true
inactive_update_mode = 0
camera_3D_resource = null

[node name="StaticBody3D" type="StaticBody3D" parent="."]
transform = Transform3D(1, 0, 0, 0, 1, 0, 0, 0, 1, 0, -0.83138, 0)

[node name="CollisionShape3D" type="CollisionShape3D" parent="StaticBody3D"]
shape = SubResource("BoxShape3D_6uotp")

[node name="MeshInstance3D" type="MeshInstance3D" parent="StaticBody3D/CollisionShape3D"]
transform = Transform3D(1, 0, 0, 0, 1, 0, 0, 0, 1, 0, -0.451168, 0)
mesh = SubResource("BoxMesh_1n8ih")
skeleton = NodePath("../..")

[node name="DirectionalLight3D" type="DirectionalLight3D" parent="."]
transform = Transform3D(1, 0, 0, 0, 0.64679, 0.762668, 0, -0.762668, 0.64679, 0, 18.6223, 14.1799)
light_energy = 1.7
